ID SpType Teff logg __Fe_H_
1 "G3 V" 5305 4.49 -0.75
2 K3Ibvar 4166 0.95 0.02
3 G2V 5775 4.00 -0.45
4 F0 6380 3.01 0.30
5 K1IV 4717 2.40 -0.34
6 A1V 8140 3.80 -0.70
7 F8IV 6205 4.12 -0.33
8 G2V 5348 4.50 -1.16
9 G9III 4710 2.56 0.05
10 K0 5000 3.00 -1.31
11 B2IV 21581 3.86 0.06
12 "M6 V" 3330 5.08 -1.40
13 G0V 5808 4.39 0.20
14 G9III 4865 2.01 -0.55
15 A7III 7325 3.59 ""
16 G5IIIwe 5013 2.35 -1.96
17 Fw 4945 1.36 -2.31
18 "A2 (HB)" 7450 2.60 -1.60
19 K0 4331 0.84 -1.87
20 B5V 15276 4.10 -0.20
21 B2IV 21170 3.92 0.12
22 F5V 5917 3.96 -1.32
23 G5III 4942 2.73 -0.66
24 K5III 3830 1.44 -0.01
25 K0V 5396 4.61 -0.15
26 G3/G5V 5355 3.88 -0.31
27 A7m 7777 3.65 0.48
28 G0V 5727 4.07 -0.25
29 G5 5670 3.45 -0.31
30 A 25200 5.40 0.16
31 K2V 4960 4.60 -0.29
32 K5III 3912 1.45 -0.14
33 G8IV 4541 2.47 -0.55
34 G0 5068 3.47 -0.84
35 G5IV 4941 3.95 -0.40
36 K5III 3950 1.66 ""
37 G8III-IV 4797 2.55 -0.70
38 K5II-III 3848 1.07 -0.70
39 G8III-IV 4863 2.50 -0.80
40 G9III 4860 2.67 -0.34
41 K0III-IV 4496 2.47 -0.29
42 G:w? 4740 1.20 -2.32
43 G5IIIw 5133 2.39 -1.08
44 G4Ia 6222 1.50 0.25
45 K2III... 4398 2.50 0.01
46 G5Vp 5249 4.45 -0.75
47 K2III 4493 2.47 0.16
48 K2II-III 4400 2.19 0.10
49 F2 6473 4.22 -0.89
50 F8V 5102 2.40 -1.41
51 G8III 4380 1.25 -0.99
52 K0.5IIIb 4543 2.33 -0.01
53 M2S? 3600 1.10 0.02
54 B8III 13324 4.00 -0.70
55 K2III-IV 4345 1.50 -0.80
56 G5IIIe 5030 2.77 -0.43
57 G5 4688 1.49 -1.69
58 F0V 7163 4.15 0.25
59 K4III 4103 1.85 -0.37
60 F0 6282 2.77 -1.38
61 G2IV 5728 3.77 0.15
62 K0III 4803 2.93 -0.30
63 F8V 6134 4.09 0.11
64 F0V 6830 3.96 -0.41
65 K3III 4057 1.43 -0.25
66 G2V 5838 4.28 0.03
67 G8V 5264 4.36 -0.50
68 sdF2: 6056 4.46 -1.71
69 K0V 5392 4.60 0.10
70 K0III 4786 2.40 -0.32
71 F2Vw 7099 4.50 -0.20
72 G6IV/V 6074 5.15 0.09
73 G5 5552 4.24 0.17
74 K0Ib 5196 2.30 0.45
75 G5III 5080 2.81 -0.53
76 G2V 5695 3.68 0.10
77 F8V 5609 4.22 -1.03
78 B5Ia 13800 2.44 ""
79 F5V 6380 4.01 -0.35
80 K4III 3961 1.55 0.30
81 G1V 5650 4.40 -0.90
82 G8V 5338 4.35 -0.55
83 F4V 6295 3.91 -0.35
84 G1V 5629 3.59 -0.08
85 A0 8666 3.10 -1.25
86 F5 6153 4.04 -0.35
87 G5III-IV 4755 2.50 -0.70
88 F5V 6401 3.74 -0.16
89 G8III 6030 4.05 -1.72
90 F7V 6164 4.32 -0.31
91 F4V 6346 4.54 0.03
92 F6V 6253 4.28 0.05
93 F8V 5826 3.92 -0.74
94 F8 5841 4.11 -0.88
95 K: 6010 4.39 -1.87
96 G0Ib-II 5345 0.85 ""
97 B7IV 13320 3.64 0.03
98 K1.5III 4551 2.44 0.04
99 M4III 3560 0.60 ""
100 K1V 5065 4.50 -0.13
101 F8 5958 4.28 -0.60
102 A5Ia 8530 1.35 ""
103 M6IIIvar 3250 0.30 ""
104 G0Ia 5500 "" -0.28
105 G5IV 5009 3.60 -0.75
106 A4p 5918 4.35 -2.05
107 F0.5 6109 2.60 -2.50
108 G0V 5991 4.02 0.17
109 F8V 6016 3.99 0.12
110 A0Ia 9560 2.13 ""
111 G5 5024 3.40 -0.65
112 G0 5652 4.48 -0.28
113 G5Vvar 5591 4.40 0.03
114 K3III 4340 2.04 0.08
115 K2 4608 4.52 -0.60
116 K4III 4405 2.22 0.05
117 K5V 4616 4.59 0.30
118 G0 4825 2.00 -1.70
119 G0 5381 4.56 -1.98
120 K2V 5052 4.57 -0.15
121 F8V 5993 4.03 -0.10
122 G8III-IV 4694 1.75 -0.62
123 F9V 5814 4.29 -0.83
124 K0IV 4884 3.40 -0.11
125 G5 5132 4.64 0.10
126 A5V 8542 4.00 -0.20
127 K1V 4990 4.40 -1.01
128 K2V 4755 4.37 -1.02
129 A7V 7875 4.00 -0.30
130 K1III 4292 1.30 -0.95
131 A7V 8000 4.00 -0.30
132 G8IV/V 4954 3.20 -0.75
133 G1V 5450 3.59 -0.60
134 F5 5969 4.03 -0.65
135 K4V 4357 4.61 ""
136 K1Vsb 4787 4.58 -1.72
137 F6IV-V 5525 2.20 -1.20
138 K0 5150 4.50 -0.60
139 G5-6IVw 4316 1.06 -1.67
140 B8 8542 2.50 -1.43
141 F2IV-V 6943 3.57 0.11
142 K0 4400 1.02 -2.10
143 F2 6025 4.20 -1.60
144 G:? 5283 4.50 -0.70
145 K1V 5073 4.19 -0.31
146 K0 4790 4.60 0.13
147 F5 5378 4.23 -0.56
148 B9IV 11704 3.93 -0.74
149 K0III 4956 2.71 0.07
150 G5 5143 4.50 0.07
151 A7V 7957 4.32 ""
152 G9.5III 4846 2.68 0.11
153 G5 5208 4.46 -0.05
154 K0 5162 4.39 -0.26
155 A2Vs 9164 3.70 0.14
156 K4III 4034 1.79 -0.30
157 K5III 3922 1.41 -0.18
158 G8:V: 4850 4.10 -0.90
159 G8:V: 5200 4.50 -0.25
160 F3-5V 6411 4.12 -0.34
161 K4III 4000 1.52 -0.30
162 G1V-VI 5699 4.22 -0.51
163 F3/F5Vw 5825 4.30 -1.50
164 M3Svar 3451 0.80 -0.15
165 K3III 4115 1.73 -0.21
166 A0V 8990 4.08 -0.89
167 K2II 4120 1.55 0.26
168 K3V 4658 4.47 0.02
169 F2IIp? 6900 2.26 0.10
170 F2V 6359 4.12 -0.33
171 F2IV 6909 3.30 0.25
172 G8V 5450 4.50 ""
173 F5V 6542 4.06 0.31
174 G8IV 4891 2.91 -0.33
175 K2e 4570 3.50 0.16
176 G0V 5835 4.17 0.06
177 S? 3600 0.80 -0.72
178 G8IV 4720 1.60 -0.67
179 G8III 4863 2.50 -0.26
180 F8V 6091 4.25 0.04
181 K4IIIp 4367 1.75 -0.03
182 K5V 4465 4.61 0.09
183 M1V 3737 4.90 -1.50
184 G8III-IV 4668 2.46 -0.50
185 F2IV/V 6564 4.22 -0.44
186 M2Iabs 3789 0.70 -0.15
187 K0 4296 1.14 -1.38
188 K1V 5294 4.33 0.03
189 K1III 4397 2.49 -0.55
190 K2V 4727 4.50 0.02
191 F6V 6331 4.27 -0.05
192 G0 5665 4.04 -0.33
193 A3Vn 8970 3.60 -0.30
194 G8IIIvar 4751 2.27 0.04
195 G8III 4928 2.52 -0.22
196 G8III/IV 4569 2.46 -0.90
197 K5III 3994 1.00 -0.40
198 G0III 5761 3.85 0.29
199 M2Iab 3550 "" 0.03
200 A0Ia 9400 1.43 ""
201 K1.5III 4370 2.19 -0.52
202 G0V 5440 4.29 -1.21
203 K3II/IIICNv 4000 0.93 -0.55
204 B2Iave 17463 2.70 ""
205 F8 5353 3.75 -1.70
206 B5IV 14400 3.12 -0.40
207 G9III 4709 2.50 -0.20
208 G0 5117 4.54 0.11
209 G8III 4700 2.38 -0.54
210 M2Iabpe... 3789 0.70 -0.36
211 M1Ia-ab 3614 "" -0.42
212 F6V 6569 4.22 0.08
213 F6V 6224 3.93 -0.15
214 G0 5200 3.00 -2.10
215 K2III 4577 2.34 0.08
216 G5IVw 4969 2.26 -1.47
217 A2Vs 9120 4.17 -0.32
218 F8V 5912 4.23 -0.31
219 K4III 4198 1.00 -0.50
220 K0 3775 0.40 -0.20
221 A3Vm 7950 3.95 0.35
222 G0 5348 3.24 -1.44
223 K0Iab 4500 0.20 ""
224 G0 5750 4.10 -0.80
225 K1IV 4751 2.93 0.05
226 F7IVw 6000 0.40 -1.62
227 K5III 3975 1.50 0.05
228 G8Ib 4302 0.87 -0.02
229 K1III 4460 1.88 -0.25
230 "" 5175 4.10 -0.60
231 F8 5929 3.59 -0.70
232 G0V 5989 4.06 0.05
233 K4III 4176 1.69 0.08
234 M1II 3600 0.70 -0.03
235 F2V 6598 4.08 -0.29
236 K4III 4009 1.60 -0.27
237 A9III 7412 3.40 0.30
238 K2III 4405 2.28 -0.35
239 K4Iab 4117 0.20 -0.20
240 G0Ibvar 5659 1.37 0.34
241 G5 4811 4.50 -0.74
242 F8Ia 6268 0.97 0.10
243 G5 4905 3.30 -1.38
244 K0III 4697 2.35 -0.30
245 K2III 4368 1.77 0.08
246 GII:wp... 4800 2.80 -1.55
247 G1V 5845 0.26 0.02
248 G0V 5857 4.39 -0.28
249 G5V 5707 4.59 -0.65
250 K4III 4372 1.25 -0.20
251 O7Ia 35950 3.20 ""
252 O9Ib 32300 3.00 ""
253 G8III 4620 2.72 -0.33
254 K0III 4788 2.55 -0.12
255 F6V 6165 4.18 -0.55
256 A5Ib 8330 1.45 0.08
257 F8V 5800 4.40 -0.90
258 F 6201 4.38 -2.45
259 F5V 6000 4.31 -0.68
260 F0III 7636 3.09 0.20
261 F3IV 5900 1.83 -0.49
262 A1V 10286 4.00 0.48
263 G5 5350 4.50 -1.24
264 M0III-IIIb 3884 1.20 0.12
265 F6III 6495 3.20 0.40
266 G6V 4948 3.05 -1.05
267 K2V 4833 4.70 -0.15
268 K3III 3996 1.47 -0.11
269 K5III 3870 1.50 0.24
270 K0III 4779 2.50 -0.06
271 M3II-III 3530 0.70 ""
272 sd:F 6024 4.50 -1.49
273 G8IIIa 5017 2.63 -0.08
274 F8V 5888 4.18 -0.71
275 K5III 3961 1.52 -0.22
276 K3Iab 4500 0.20 0.12
277 K0III 4226 2.20 -0.31
278 "" 4700 1.90 -1.42
279 S? 3500 0.50 -0.34
280 sdG2 5446 4.45 -1.76
281 G0 4629 1.76 -1.63
282 G8V 5210 4.24 -0.97
283 A2 8616 3.35 -0.75
284 F7/F8II 6115 1.70 0.52
285 G8V 5268 4.44 -0.56
286 G8III 4840 1.50 0.27
287 K4III 3960 1.68 -0.36
288 A1V 9692 4.00 0.24
289 K2III 4258 1.90 -0.30
290 G0 5733 4.38 -0.56
291 F2mp? 7010 3.15 0.34
292 G1IV 5745 4.08 0.10
293 G0 5354 3.00 -2.15
294 F8 5860 3.98 -0.57
295 K4III 4039 1.51 -0.12
296 F8 5793 4.32 -0.56
297 K0V 5484 4.64 -0.13
298 sdF6 5900 4.20 -1.70
299 F6V 6306 4.27 -0.25
300 K5III 3895 1.27 0.04
301 F6V 6516 4.03 -0.25
302 K2III 4624 2.61 0.12
303 G9III 4887 2.13 0.16
304 A1V 9692 4.00 0.34
305 K2III 4489 2.01 0.11
306 G1.5Vb 5864 4.48 -0.04
307 G4III 5030 2.80 -0.43
308 K0III 4965 2.35 0.16
309 G5IIIw 4500 1.10 -1.38
310 F6VI 6166 4.19 -2.02
311 G8IV 4717 2.25 -0.12
312 F8 5727 4.29 -0.62
313 G2Iab 5250 1.30 -0.05
314 F0 6798 4.25 -1.26
315 K0III 4657 2.51 -0.06
316 K3V 4913 4.63 -0.07
317 A0V 8560 3.57 -1.42
318 A5 6910 4.00 -1.49
319 G5IV 4527 1.53 -1.41
320 G5 5422 4.50 -0.04
321 K3III 4270 2.12 -0.05
322 G8V 5079 4.48 0.16
323 G2V 5692 4.28 0.08
324 F3III 6840 3.61 0.41
325 F7-8IV-V 5866 3.96 -0.93
326 G5 5869 4.80 0.21
327 F7 5429 4.43 -2.14
328 F5 6275 4.10 -0.50
329 F3 5750 3.60 -1.90
330 G9III 6072 4.20 -0.82
331 K0IV 5290 4.75 0.26
332 K0III 4557 1.97 -0.42
333 K4/K5III 3890 1.55 -0.29
334 F2V 6775 3.78 -0.26
335 G3V 5718 4.25 -0.38
336 Am 7099 4.20 0.24
337 F3V 6350 3.80 -0.60
338 G8II 4900 2.00 0.24
339 M0V 3769 4.71 -0.40
340 G6III 4829 2.43 -0.49
341 A3 7000 4.15 -0.25
342 A3 7099 4.15 -0.52
343 M4IIIa 3430 1.02 ""
344 A5spe... 9164 4.00 0.31
345 F0 6700 4.44 -0.01
346 G7III 4705 2.50 -0.62
347 K3II-III 4120 1.54 -0.06
348 A0 6270 4.11 -2.86
349 G6IV 5055 3.30 -0.48
350 F6:w? 6150 3.20 -1.29
351 K0III 4709 2.65 0.30
352 G4III-IV 5198 3.19 -0.28
353 G8IV-V 5488 4.61 ""
354 G8:IIIw... 4600 1.30 -1.40
355 K3IIIa 4030 1.64 0.15
356 K3III 4120 1.77 -0.29
357 K3III 4231 1.74 -0.08
358 K2III 4198 1.00 -1.00
359 G2we 5295 2.50 -1.51
360 K0III 4710 2.54 0.08
361 G1II 5310 1.81 -0.13
362 G2V 5874 4.07 0.08
363 F5VI 6228 4.01 -2.17
364 A3IV 11200 3.55 -0.40
365 F8 4957 1.79 -2.59
366 K0III 4472 2.33 0.23
367 G:w? 4463 0.97 -2.19
368 A1V 7832 3.14 -1.40
369 F5V 6319 3.94 0.08
370 K0 5099 2.76 -1.70
371 A0Ib 9730 1.97 -0.04
372 F4V 6533 4.18 0.10
373 K7V 3861 4.68 -0.93
374 F8 5883 4.43 -0.45
375 G1V 5634 4.50 -0.65
376 G5IIIwe 4513 1.26 -2.64
377 F9V 5994 3.92 0.17
378 G0V 5800 4.07 0.01
379 G1.5IV-V 5698 3.92 0.01
380 F2III 7304 3.78 0.25
381 F6IV 6493 4.06 0.21
382 K1IIIb 4470 2.12 -0.38
383 G1V 5957 4.37 -0.41
384 F7V 6219 3.95 0.23
385 F6V 6233 3.95 -0.34
386 A0sp? 5538 2.44 0.51
387 G1V 5787 4.40 -0.21
388 "K7 V" 4070 4.70 -0.18
389 F8 5889 4.21 -0.47
390 F7V 6067 4.15 -0.23
391 K3III 4045 1.88 -0.27
392 A0 8075 2.80 -1.48
393 F8 5250 1.80 -1.05
394 F4V 5941 4.21 -1.49
395 "" 5400 4.40 0.50
396 G0V 5813 4.34 0.04
397 M0III 3700 1.22 -0.23
398 M2V 3828 4.90 -0.20
399 "M2 V" 3544 4.85 -1.45
400 M? 3550 0.50 -0.58
401 G0 6176 4.55 -1.36
402 G0 5250 2.00 -1.10
403 A2V 9509 3.45 0.28
404 K3III 4351 2.07 -0.10
405 F5V 6238 4.03 -0.99
406 F6V+? 6260 4.05 -1.03
407 K0 "" "" ""
408 G2/G3V 5890 4.37 -0.41
409 K0 5400 4.20 0.45
410 K0V 4904 4.37 -0.74
411 G8II-III 4850 1.90 0.36
412 F5Vawva 6604 4.06 -0.51
413 K4III 3939 1.80 -0.31
414 G8/K0w+... 4980 2.00 -1.02
415 G0 5421 4.68 -0.40
416 G8Vvar 5401 4.60 -0.13
417 F4V 6320 4.12 -0.75
418 "K0 III" 4383 2.02 -0.46
419 sdG0 5640 4.80 -1.37
420 "K3 III" 4390 2.09 0.35
421 "F7 V" 6344 4.12 0.27
422 F9V 6109 4.20 0.17
423 "G8 Vp" 5025 4.56 -1.36
424 A3V 8692 3.45 0.18
425 Am 7341 4.00 0.40
426 K5V 4510 4.57 0.16
427 K2III 4451 2.00 -0.01
428 K0IV 5478 4.15 0.18
429 F0 7727 4.11 0.20
430 B9 8542 1.50 -1.37
431 F0IV/V 7003 4.10 -0.60
432 "G2 IIIw" 5125 2.10 -1.50
433 G5 4700 2.50 -0.51
434 F6V-VI 5940 4.32 -1.43
435 "" 5000 3.40 -1.18
436 F5V 6199 4.36 -0.73
437 F4V 6399 4.07 -0.51
438 "F8 Vs" 6298 4.01 0.29
439 G5 5299 3.75 -1.10
440 G8III 4600 2.00 -0.91
441 "F5 VI" 6065 4.26 -1.68
442 K2V 4594 4.67 -1.09
443 K0 "" "" ""
444 F0V 6632 4.20 -0.65
445 K2 "" "" ""
446 "A0 V (HB)" 8300 3.50 -1.99
447 K2III 4379 1.37 0.11
448 F0V+? 6875 4.46 -0.09
449 G0V 5830 4.23 -0.48
450 G0 5253 2.40 -1.53
451 "A1 III" 9480 3.30 ""
452 M0.5V 3748 4.75 0.10
453 A0III 7450 3.93 -1.60
454 F7V 5600 3.70 -1.20
455 K2IIICN+? 4576 2.07 0.13
456 "A0 spe" 9944 3.85 0.31
457 "K2 III" 4283 1.95 -0.37
458 F6Vs 6478 4.20 0.24
459 "M8 III" 2924 "" ""
460 K1III 4518 2.22 ""
461 A1V 9509 3.80 -0.01
462 G1V 5523 4.12 -0.69
463 F9.5V 5975 4.40 0.09
464 F6V 6249 3.90 -0.18
465 "G6 V" 5171 3.64 0.13
466 G0Vs 5921 4.04 0.13
467 G8IV 5400 4.54 0.40
468 G5V 5531 4.32 -0.01
469 G8III 5087 3.02 -0.06
470 Ap 8020 4.18 0.48
471 F5V 6428 4.18 -0.64
472 K5 4400 4.50 -0.20
473 F0 6726 4.06 -0.02
474 "G5 V" 5525 3.80 -0.09
475 G9V 5080 3.94 -0.67
476 G8III 4782 2.25 -0.50
477 "K0 IIIw" 4202 0.71 -1.91
478 K7V 4179 4.50 -0.07
479 F5V 6404 4.18 -0.56
480 A2 16904 4.20 0.77
481 M2III 3661 1.55 0.30
482 F3Vp 6594 4.03 -0.46
483 K7V 4475 4.56 0.10
484 K5 3700 1.00 -0.35
485 "F7 V" 6438 4.15 0.25
486 M3III 3672 1.25 -0.24
487 K5III 3820 1.52 0.50
488 "G0 IV" 5981 3.62 0.25
489 K2III 4696 2.29 0.04
490 G5 6570 4.00 -0.92
491 A4 6205 4.12 -2.05
492 F8V 6330 3.63 0.14
493 "F8 IV" 4566 1.12 -2.63
494 G8V 5492 4.56 -0.01
495 "A0 III" 10100 3.30 -0.56
496 "G6 IV-Vw" 4635 1.49 -1.75
497 "M4 III" 3484 0.85 ""
498 G8IIIp 4963 3.02 0.10
499 "K4 III" 4347 2.10 0.24
500 G0 5391 4.50 -0.19
501 "K2 IIIp" 4361 1.93 -0.53
502 "F7 IV" 6116 3.83 -0.11
503 F9V 5536 3.92 0.15
504 F5IV 6669 4.44 0.05
505 KIIvw 4238 0.35 -1.47
506 F5V 6748 4.48 0.04
507 G1V 5662 4.50 -0.45
508 "M7.5 III" 3000 "" -0.58
509 K0III 4921 2.81 0.09
510 "F7 V" 6202 3.84 -0.27
511 K0 5500 4.20 0.55
512 K0III 4847 2.34 -0.61
513 "G3 V" 5536 4.65 -1.25
514 "G3 IV" 4978 3.20 -0.59
515 G5V 5537 3.89 0.12
516 "" 4957 2.20 -1.61
517 "F2 V" 6722 4.38 -0.39
518 F5V 6266 4.12 -0.13
519 B9 10250 3.40 -1.20
520 K5V 4570 4.50 0.06
521 F7V 5763 3.50 -0.97
522 B9p+... 12416 3.76 -0.28
523 B9V 8656 3.47 -1.65
524 K0III 5349 4.72 0.04
525 F2V 6585 4.08 -0.46
526 "K4 II-III" 4336 2.10 0.41
527 K4III 4040 1.62 -0.28
528 K2/K3III 4190 1.95 0.10
529 "K1 V" 5108 4.50 -0.55
530 "K4 III" 3970 1.49 0.22
531 "M1 V" 3506 4.73 ""
532 "K4 V" 4501 4.70 0.02
533 "K3 III-IVp" 4374 1.60 0.25
534 "F6 V" 5545 3.72 -1.60
535 "M0.5 IIb" 3660 0.70 ""
536 K4III 3955 1.48 0.05
537 K5 4450 4.80 -0.30
538 G8III 4311 0.94 -1.36
539 "G5 III" 4885 2.34 -0.68
540 "F5 V" 6556 4.32 0.02
541 "G1 Vw" 5798 3.87 -0.91
542 K0V: 4740 4.50 -1.48
543 K0/K1V 4950 4.57 -1.49
544 G5V 5695 4.33 0.25
545 F9IV 6080 3.95 -0.04
546 K0III 4615 2.57 0.13
547 "G8 III" 4847 2.56 -0.44
548 B3V 18667 4.30 1.65
549 K4III 4159 1.91 0.13
550 "F8 III-IV" 6083 3.85 -0.08
551 K4III 3952 1.13 -0.21
552 K3V 4765 4.32 0.20
553 "F0 V" 7190 4.14 0.28
554 "K2 III" 4498 2.38 0.05
555 "M1 III" 3810 1.10 0.07
556 G0IV-V 5836 3.37 0.10
557 K4III 4109 1.97 -0.37
558 F0p 8541 4.25 0.82
559 F4Vw 6872 4.59 -0.05
560 K5III 3915 1.46 0.25
561 "K5 III" 3895 1.41 -0.01
562 K0 5700 4.20 0.48
563 B6IV 13827 3.97 -0.13
564 K0p 4856 2.82 -0.04
565 G7.5IIIb 5030 2.99 -0.49
566 G8III/IV 5080 2.70 -0.26
567 A0p... 9164 3.30 -0.25
568 "F3 VI" 5687 3.55 -2.53
569 K2 4832 4.00 -0.88
570 "G0 Vvar" 5915 4.10 -0.01
571 "G3.5 III" 5275 3.02 -0.29
572 A3Vn 8246 3.89 -2.00
573 "F9 V" 5821 4.13 -0.41
574 F0V 6550 3.60 -1.00
575 F0IV 6848 3.95 0.04
576 "F6 V" 6272 4.17 -0.16
577 A2Ib/II 7220 3.89 -1.02
578 A0Vs 8842 3.55 -1.26
579 "G2 V" 5762 4.23 -0.20
580 K3e 4250 3.50 0.10
581 A0p... 11224 3.72 ""
582 F8 6302 4.02 -0.46
583 "K3 V" 4739 4.65 -0.30
584 "G5 V" 5669 3.95 0.29
585 G6/G8III 5200 2.10 0.27
586 "K0 IV" 4849 3.45 0.09
587 "K0 V" 5264 4.66 0.34
588 K3III 4540 2.51 -0.30
589 F3V 6751 4.13 0.03
590 "M0.5 III" 3793 1.40 0.32
591 "M3 V" 3247 4.84 ""
592 A0V: 9509 4.50 0.01
593 M... 3600 0.80 -0.19
594 K3V 5000 4.30 0.20
595 B9p... 9333 3.00 ""
596 F2 5894 4.25 -2.12
597 "K4 IIIp" 3989 1.67 0.11
598 F8 5373 2.30 -1.36
599 "F9 V" 5830 4.21 -0.73
600 G8p 4284 1.15 -0.50
601 "K1 III" 4703 2.50 -0.50
602 G8/K0III 5141 2.64 ""
603 "K5 III" 3910 1.60 0.30
604 Ap 8400 3.50 -0.47
605 B9.5III 11100 3.78 0.12
606 "K4 III" 3927 1.39 -0.17
607 III 5350 2.00 -2.26
608 B5 36000 5.50 -1.30
609 "K0 V" 5168 4.70 0.04
610 F5III-IV 6569 4.00 0.16
611 "F3 V" 6019 3.99 -0.57
612 K0 4863 4.26 -0.29
613 F3V 6449 3.84 -0.35
614 "M3 IIIab" 3640 0.70 -0.10
615 "K5 III" 3987 1.52 -0.03
616 K2III 4664 2.55 0.05
617 K0/K1III/IV 4982 3.60 ""
618 Am 7522 3.50 0.17
619 B9p... 8842 3.00 -0.25
620 K3III 4200 2.09 ""
621 B6III 13397 4.24 -0.95
622 G0 5828 4.13 -0.67
623 F5IV 6396 3.71 -0.10
624 K3IIvar 4163 1.42 -0.07
625 K5V 4541 4.54 -0.37
626 F4V 6422 4.07 -0.60
627 "G0 V" 5682 4.25 -0.39
628 "F9 V" 5785 4.12 -0.56
629 "G5 III" 5631 1.83 -0.32
630 "K7 V" 4065 4.57 0.38
631 F3V 6330 3.91 -0.14
632 F3III 6926 3.89 0.04
633 G0 5039 2.42 -2.55
634 "F6 V" 6164 3.84 -0.21
635 F8 6198 3.90 -0.73
636 G0V 5615 3.92 -1.08
637 F9V 5684 3.90 -0.32
638 B3IV 19000 3.75 0.10
639 "G0 V" 5768 4.14 -0.61
640 K4III 3980 1.73 -0.27
641 F5II 6600 2.95 0.55
642 K2III 4550 2.55 0.09
643 F3Ib 6666 0.60 -0.30
644 Fm 7522 3.50 ""
645 A0Ib 9950 2.20 -0.03
646 "G5 IV" 5411 3.87 0.16
647 "A2 VI (HB)" 7636 2.93 -0.95
648 K2III 4514 2.45 0.05
649 F0 6121 4.32 -2.09
650 "K5 III" 3902 1.32 -0.05
651 M6Svar 3365 0.70 0.01
652 "G8 III" 5028 2.70 0.03
653 "F2 II" 6799 2.63 -0.30
654 "K0.5 IIb" 4446 1.50 0.39
655 "B5 Ib" 13493 2.40 ""
656 B2IV 21311 3.65 -0.33
657 K3p 4471 1.11 -2.15
658 G0Ib/II 6632 2.30 0.28
659 K0V 5158 4.67 0.03
660 K1IV 4862 3.40 0.02
661 "F7 V" 5928 4.24 -0.53
662 G8III... 4919 2.52 0.08
663 K0IIICNpvar 4820 2.76 -0.14
664 "K2 V" 4944 4.47 -0.23
665 G5 4905 2.31 -1.25
666 F5V 6348 4.13 -0.16
667 K2III 4424 2.10 ""
668 A0 8550 3.30 -1.84
669 "M3 III" 3640 0.70 ""
670 "G3 III" 5235 1.61 -0.67
671 A0 11588 3.78 -0.17
672 "G8.5 IIIb" 4792 2.00 -0.40
673 F8V 6080 4.21 -0.21
674 "M1 III" 3810 1.10 ""
675 K0III-IV 4859 3.13 -0.19
676 F8II 5475 1.00 0.02
677 "K1.5 III" 4394 2.32 -0.38
678 G0III+... 5780 3.24 0.27
679 G8III-IV 5150 3.00 -0.67
680 K7Vvar 4200 4.50 0.05
681 G8III 5027 2.90 -0.16
682 "K3 III" 4189 1.84 -0.08
683 G8IV 4700 1.60 -0.91
684 G5 5031 4.65 -0.10
685 "M4-5 II" 3349 0.55 ""
686 F1IV-V 6418 3.68 -0.22
687 "F8 Ib-II" 5800 2.12 -0.36
688 "B8 V" 11300 3.75 ""
689 B9.5p... 11944 3.78 0.28
690 "M5 V" 3365 4.93 -0.54
691 "M5.2 III" 3270 0.50 ""
692 F7V 6268 4.09 -0.18
693 Am 8190 3.90 0.39
694 B9p... 9540 3.00 0.12
695 F6V 6280 3.97 0.05
696 "G5 III" 4899 2.30 -1.43
697 K0Ibpvar 4421 "" -0.88
698 A0Vs 10200 3.55 0.15
699 F8 5746 4.32 -0.48
700 G9IVa 5148 3.36 0.01
701 B6IV 14681 4.00 -0.80
702 "F1 Vp" 7412 3.50 0.60
703 "G7 IIIa" 5066 2.55 -0.09
704 "M4 II" 3550 0.60 ""
705 "M5 III" 3420 0.50 0.14
706 B9III 12050 3.90 -0.43
707 F2V 6641 4.23 -0.08
708 A1V 8816 4.22 ""
709 "B7 III-IV" 13100 3.50 ""
710 A4p(EuCrSr) 7701 4.09 0.06
711 B9III 10282 3.50 0.20
712 K1III 4560 2.65 -0.25
713 "G9 III" 4800 2.67 -0.12
714 B8II-III 13175 3.27 -0.14
715 B2.5IV 17360 3.38 -0.01
716 F6IV: 6276 4.09 -0.26
717 "K4 III" 3969 1.30 -0.35
718 A0III 10012 3.58 -0.46
719 "K3 IVp" 4486 3.00 0.18
720 R... 3500 0.40 -2.48
721 "G8 IVvar" 5570 4.19 0.31
722 A0V 9260 4.22 -1.50
723 F0 6269 2.93 -1.14
724 "K0 V" 5260 4.55 -0.24
725 B5 6165 4.06 -2.25
726 "G0 V" 5738 4.02 -0.66
727 M4.5III 3467 0.60 -0.04
728 "K3 III" 4520 2.41 0.01
729 K0III 4918 3.03 -0.07
730 G6V 4710 3.00 -0.45
731 "K4-5 III-II" 3983 0.30 -1.73
732 "B0.5 Iae" 21860 2.80 ""
733 "G2 V" 5815 4.30 0.09
734 "G5 V" 5762 4.43 0.07
735 G8III 4915 2.61 -0.32
736 G8III/IVw 4259 0.58 -1.83
737 B1III 19676 3.40 1.25
738 "F8 V" 6107 4.30 0.11
739 K0var 6000 1.00 0.28
740 A5pvar 8000 4.00 0.11
741 Fp 5764 2.90 -0.40
742 "G5 Vwe" 5490 4.69 -1.59
743 "G8 IVvar" 5041 3.04 -0.04
744 "G5 Ib var" 5685 1.60 ""
745 K0IIIvar 4829 2.53 0.01
746 G8II/III 5060 2.78 -0.38
747 G0/G1V 5786 3.85 -1.19
748 A4III 7972 3.59 0.08
749 "G6 IV + M6 V" 5441 3.89 0.25
750 K1V 5051 4.45 -0.17
751 "B1.5 Iae" 18800 2.41 ""
752 F3V 5993 3.00 -1.00
753 F1III 6440 1.55 -1.05
754 K0IV 5050 3.49 -0.10
755 "K0 III" 4317 2.01 -0.65
756 B9III 10675 3.65 -0.05
757 G0Vwe 5702 3.87 -1.51
758 K2II+... 4030 1.39 -0.31
759 A2V 8030 3.96 -1.19
760 K3Ib-II+? 3880 1.34 -0.43
761 A5/A6V 8080 3.58 -1.00
762 "F7 V-VI" 5887 4.27 -1.22
763 F3V 6741 4.25 -0.16
764 A0p... 8842 3.90 0.28
765 "G0 Vw" 6000 3.78 -0.77
766 G0V 6012 4.03 -0.33
767 A2V 9164 4.30 0.17
768 G5IV+... 5611 3.65 -0.02
769 G8IIb 5150 2.30 0.64
770 G8Ib 5239 0.40 0.15
771 A7IIIp... 7176 3.41 -0.30
772 "K0 IV" 5013 3.19 -0.19
773 K0III 4798 2.56 -0.10
774 K1IV 4813 3.03 0.17
775 "B5 V" 14315 4.00 ""
776 A1V 9470 3.64 0.07
777 F7Vwe 5770 3.87 -1.62
778 "B3 Iae" 14900 2.19 -0.23
779 "K0 III" 4767 2.25 -0.64
780 "B8 Iae" 11200 1.90 ""
781 M1 3400 0.30 -0.24
782 M3Ib-II: 3451 0.70 -0.04
783 "F9 V" 5774 4.28 -0.65
784 K5Ib... 3899 0.91 -0.20
785 "K6 V" 4252 4.63 ""
786 "F8 V" 5928 4.13 -0.12
787 F7.5II 6157 1.65 0.13
788 K5V 4342 4.56 -0.05
789 F0p 7657 3.92 0.07
790 "F8 V-VI" 5854 4.45 -1.11
791 G1V 5618 4.08 -0.95
792 G8II... 4914 2.42 -0.04
793 G0III+... 5980 3.24 0.09
794 B5II/III 15273 4.20 1.20
795 K0III 4500 2.72 0.02
796 A1IV 8100 4.03 -0.98
797 G4Ibp... 5220 1.55 -0.45
798 G5 5608 4.24 -0.90
799 G0IIIwsp 5727 3.84 -0.51
800 B2IIIvar 26740 4.16 -0.23
801 K0III 5060 3.01 -0.28
802 B8III 12923 3.50 -0.28
803 G0 4617 1.31 -1.76
804 "M0 V" 4035 4.67 ""
805 "G8 III" 5071 2.74 -0.16
806 "G0 IV" 5947 3.70 -0.02
807 "K1 III" 4634 2.57 0.03
808 "G8 III" 4658 2.87 -0.48
809 "B2 Ib" 17760 2.65 -0.33
810 K0III 4664 2.33 0.14
811 G8III 5092 3.12 -0.50
812 K0III 4733 2.64 -0.05
813 F6V 6300 4.32 -0.22
814 K2Ibvar 4461 1.20 0.04
815 "A2 Ia" 9450 2.09 ""
816 "M7 III" 2750 "" ""
817 B3III 18351 3.49 -0.10
818 A0 8542 3.50 -1.15
819 "A2 Ib" 9071 1.39 -0.08
820 "B8 Ib" 12200 2.20 ""
821 "F8 V-VI" 5965 4.20 -0.74
822 F5V 6288 3.90 -0.28
823 B9.5V 10475 3.50 -0.15
824 "08 Ib" 30274 3.30 0.30
825 G8 4769 2.20 -1.39
826 B5III 13860 4.00 -0.26
827 "K1.5 Ib" 4274 -0.20 0.22
828 F7Vwe 6270 2.93 -0.72
829 F0V 6806 3.99 -0.21
830 K2 4350 1.50 -0.54
831 B8III-IV 15512 4.10 0.70
832 "K0 III" 4586 2.81 -0.34
833 K5III 3910 1.59 -0.21
834 A0 5864 1.65 0.07
835 K5V 4760 4.58 0.25
836 "A3 Ia" 8800 1.38 ""
837 B1/B2Ib 22186 3.30 -0.20
838 M7e 2747 5.09 ""
839 G8II 5038 2.50 0.03
840 G3Ib-IICNe 5360 2.64 -0.38
841 A1IV 9608 3.65 0.08
842 B8 7261 0.85 -2.52
843 "F7 V" 6167 4.04 -0.32
844 "K0 III" 4768 2.49 0.01
845 "K1 III" 4390 2.23 -0.53
846 "G8 III" 5018 2.78 -0.09
847 G5 4496 1.27 -2.15
848 G0IIp 5727 3.36 -0.39
849 "F7 IV" 6179 3.98 -0.35
850 K4III 4070 1.78 -0.11
851 K1III 4568 2.74 0.22
852 B7III 12923 3.80 0.40
853 B2IV 22989 3.90 -0.23
854 G5V 5729 4.12 0.11
855 G8IV 5548 4.28 0.31
856 F2IV 7074 3.56 0.10
857 "K0 IIIb" 4646 2.52 -0.14
858 F6Vs 6490 4.08 0.16
859 "M1 IIIab" 3810 1.10 ""
860 F3w 6030 3.76 -1.84
861 A3IV: 5640 3.62 0.27
862 F5IV 6261 4.05 -0.23
863 G6w 5082 2.41 -1.93
864 "K3 Vvar" 4717 4.50 0.05
865 G8IIIp 5300 3.50 -0.34
866 F6 5163 3.99 -2.42
867 "K0 III" 4578 2.39 -0.09
868 "F7 V" 6155 4.17 -0.04
869 F8w 5878 4.04 -1.39
870 "G9 III" 4830 2.57 -0.42
871 "M2 III" 3730 0.90 0.27
872 K0III 5110 3.14 -0.07
873 "K4.5 Ib" 4242 0.80 -0.15
874 "K2 III" 4418 2.25 -0.56
875 B8III 12293 3.70 0.50
876 F2 6112 4.17 -2.02
877 A0p... 10286 3.70 -0.18
878 A0mnp... 10723 3.80 0.80
879 K1III 4664 2.37 -0.10
880 G2IV 4465 1.04 -2.10
881 "K3 IIIvar" 4643 3.05 0.30
882 K0III 4731 2.63 -0.31
883 F7Vm 5998 3.80 -1.12
884 "M6 V" 2950 5.06 0.10
885 A1III 9020 3.91 -0.50
886 "F9 V" 5688 4.16 -0.44
887 K1IV 4769 2.98 -0.01
888 "F7 V" 6170 4.09 -0.15
889 F1V 6630 4.16 ""
890 M6e 2799 5.12 ""
891 G5Ib 4990 1.50 0.17
892 A3Ia+... 9333 1.00 ""
893 K0IV 4609 4.20 0.07
894 B9p(SiCrSr) 12462 3.55 0.31
895 G8III 4722 2.20 -0.49
896 "F8 Ib" 6222 1.97 0.35
897 "" 4218 0.89 -1.07
898 "F5 Ib" 6527 0.26 -0.05
899 G8V 5173 4.57 -0.03
900 "" 5145 4.61 -0.03
901 "G0 V" 5992 4.41 0.13
902 "G3 V" 5657 4.45 0.13
903 "K0 V" 5256 4.55 0.13
904 "F7 V+?" 6098 4.28 0.13
905 "F5 V" 6622 4.28 0.13
906 "F5 V" 6742 4.24 0.13
907 A2IV 8850 3.80 0.13
908 "F6 V" 6486 4.30 0.13
909 Am 7626 4.11 0.13
910 "F0 V" 7283 4.17 0.13
911 "F0 V" 7634 4.11 0.13
912 Am 7954 4.11 0.13
913 F8 6108 4.30 0.13
914 "F3 IV" 7397 4.21 0.13
915 "" 4130 0.79 -1.37
916 "" 3956 0.52 -1.37
917 "" 3977 0.64 -1.37
918 "" 4397 1.73 -0.44
919 GB 4255 1.84 -0.09
920 "A6 IV-V" 7972 4.21 -0.05
921 "A9 V" 7409 4.25 -0.05
922 "A4 V" 8471 4.16 -0.05
923 GB 4367 1.27 -1.34
924 GB 4093 0.75 -1.34
925 GB 4541 1.51 -1.34
926 GB 4031 0.65 -1.11
927 GB 4627 1.74 -1.11
928 HB 5974 2.44 -1.11
929 HB 9441 2.43 -1.11
930 GB 4113 0.87 -1.11
931 HB 5576 2.44 -1.11
932 HB 5864 2.56 -1.11
933 "" 6748 2.51 -1.19
934 AGB 4566 1.21 -1.39
935 GB 3891 0.73 -1.39
936 GB 4728 1.70 -2.16
937 GB 4178 0.77 -2.16
938 "G1 Ib" 6242 1.60 0.17
939 "K0 III" 4604 1.62 0.17
940 "" 4072 1.71 0.40
941 "" 4057 2.32 0.40
942 K4III 4043 1.59 0.40
943 "" 4086 1.86 0.40
944 GB 4151 1.45 -0.84
945 GB 4723 2.55 -0.84
946 AGB 4639 1.73 -0.84
947 AGB 4919 1.99 -0.84
948 "" 4790 2.52 -0.84
949 GB 4793 2.50 -0.84
950 "" 4901 2.61 -0.84
951 GB 4404 1.84 -0.84
952 "" 4883 2.61 -0.84
953 "" 5075 2.40 -0.84
954 AGB 4465 1.55 -0.84
955 GB 4606 2.20 -0.84
956 GB 4275 1.59 -0.84
957 AGB 4689 1.87 -0.84
958 GB 4364 1.53 -0.84
959 GB 4574 2.20 -0.84
960 HB 5123 2.41 -0.84
961 AGB 4672 1.72 -0.84
962 HB 4976 2.45 -0.84
963 HB 5075 2.43 -0.84
964 GB 4167 1.51 -0.84
965 "" 5014 2.36 -0.84
966 HB 4840 2.35 -0.84
967 "" 4014 1.32 -0.84
968 "" 4332 1.45 -0.84
969 GB 4247 1.45 -0.84
970 HB 5170 2.41 -0.84
971 "" 4275 1.10 -0.84
972 "" 4527 2.14 -0.13
973 GB 4273 1.39 -0.13
974 "" 10023 2.25 -0.13
975 "" 4494 2.31 -0.13
976 GB 4074 1.10 -0.13
977 "" 4243 1.56 -0.13
978 GB 4115 1.48 -0.13
979 GB 4544 2.06 -0.13
980 "" 4561 2.24 -0.13
981 "" 4578 1.76 -0.13
982 GB 4544 2.34 -0.13
983 HB 4952 2.62 -0.13
984 HB 4912 2.58 -0.13
985 GB 4020 1.32 -0.13
